Enter a file path:       WORD FREQUENCY RANK  LOG(F)   LOG(R)
-----------------------------------------------------------------

      file        3     1  1.09861  0.00000
       yet        2     2  0.69315  0.69315
        to        2     3  0.69315  1.09861
       the        2     4  0.69315  1.38629
      that        2     5  0.69315  1.60944
       not        2     6  0.69315  1.79176
     exist        2     7  0.69315  1.94591
    create        2     8  0.69315  2.07944
         a        2     9  0.69315  2.19722
         I        2    10  0.69315  2.30259
     write        1    11  0.00000  2.39790
      work        1    12  0.00000  2.48491
   without        1    13  0.00000  2.56495
    wanted        1    14  0.00000  2.63906
      used        1    15  0.00000  2.70805
     typed        1    16  0.00000  2.77259
      this        1    17  0.00000  2.83321
     think        1    18  0.00000  2.89037
      text        1    19  0.00000  2.94444
     stuff        1    20  0.00000  2.99573
    should        1    21  0.00000  3.04452
 primitive        1    22  0.00000  3.09104
     name.        1    23  0.00000  3.13549
   methods        1    24  0.00000  3.17805
      know        1    25  0.00000  3.21888
        it        1    26  0.00000  3.25810
        if        1    27  0.00000  3.29584
         i        1    28  0.00000  3.33220
    goes!!        1    29  0.00000  3.36730
      from        1    30  0.00000  3.40120
     files        1    31  0.00000  3.43399
    editor        1    32  0.00000  3.46574
      does        1    33  0.00000  3.49651
        do        1    34  0.00000  3.52636
     could        1    35  0.00000  3.55535
       cos        1    36  0.00000  3.58352
      code        1    37  0.00000  3.61092
       can        1    38  0.00000  3.63759
      Here        1    39  0.00000  3.66356
         .        1    40  0.00000  3.68888
